pretrained_model_name,learning_rate,batch_size,num_epochs,sampling,sampling_ratio,neg_precision,neg_recall,neg_f1-score,neg_support,pos_precision,pos_recall,pos_f1-score,pos_support,accuracy
bert-base-cased,0.0001,32,3,1,2,0.8403671901300495,0.8688834700041534,0.8540235301419232,317.6,0.719910880729484,0.6700266334530636,0.6926936059210365,158.8,0.8022761305780174
bert-base-cased,0.0002,32,3,1,2,0.7153885859404954,0.9203139657317893,0.7965039883591833,317.6,0.2293850783811705,0.2277281789026609,0.2279384913214686,158.8,0.686842661592939
roberta-base,0.0001,32,3,1,2,0.85048694917605,0.8782415623998354,0.8637099670452194,317.6,0.7401709391626459,0.6910640052900682,0.713242954958931,158.8,0.8152705107200113
bert-base-cased,0.0001,16,1,0,0,0.916839514254142,0.9886656274102008,0.9512623671760392,1516.2,0.356760227322025,0.1428062869998048,0.1976106563954421,158.8,0.9082985074626866
bert-base-cased,0.0001,16,1,1,2,0.8273437990384138,0.8446633154072224,0.8326450101293791,317.6,0.667664364011672,0.6296761348685027,0.6319292977140041,158.8,0.7724441978049083
bert-base-cased,0.0001,16,1,2,2,0.8730112322017012,0.8814130225771258,0.8757659604367667,1516.2,0.7631886311827965,0.7398593047821487,0.7464259488684356,758.0,0.8336151623222863
bert-base-cased,0.0001,16,3,0,0,0.9053025909877136,1.0,0.9502939287670524,1516.2,0.2,0.0013071895424836,0.0025974025974025,158.8,0.9053134328358208
bert-base-cased,0.0001,16,3,1,2,0.842304481120921,0.8332444879318353,0.8373850523997621,317.6,0.6715365393350085,0.6854152900417408,0.6773665025142368,158.8,0.7842194739531032
bert-base-cased,0.0001,16,3,2,2,0.8878682847159428,0.9624138073757968,0.917882844511578,1516.2,0.7236523746015247,0.7069244316246068,0.7133387896583208,758.0,0.8765194313162651
bert-base-cased,0.0001,16,5,0,0,0.9099084050374338,0.9897945659377072,0.9479734496585276,1516.2,0.0777777777777777,0.0590361445783132,0.0671232876712328,158.8,0.9018507462686566
bert-base-cased,0.0001,16,5,1,2,0.8335836278158201,0.8773158915339254,0.8545477899482314,317.6,0.7251538400471784,0.646478392132262,0.6821627823060464,158.8,0.8010129838098761
bert-base-cased,0.0001,16,5,2,2,0.9161818650759812,0.9481618479878988,0.9315184203806288,1516.2,0.882517611634064,0.8208021730454431,0.8485732153728698,758.0,0.905897803164294
bert-base-cased,0.0001,32,1,0,0,0.9162733848488056,0.9902356602488284,0.9516997035433084,1516.2,0.3633333333333333,0.1322623828647925,0.1856784184653037,158.8,0.9090149253731344
bert-base-cased,0.0001,32,1,1,2,0.8298535953268704,0.8647905780095607,0.8464086685170077,317.6,0.7017349952578545,0.641283034005001,0.6677848611326581,158.8,0.7904999735743354
bert-base-cased,0.0001,32,1,2,2,0.9320873112123756,0.9514351552479194,0.9414380659763476,1516.2,0.8994310654375463,0.8604968587283736,0.87854725897205,758.0,0.9210276126687736
bert-base-cased,0.0001,32,3,0,0,0.9381891106724451,0.965032558878945,0.9514146869328874,1516.2,0.541845379401754,0.393730931712268,0.4555252144030443,158.8,0.9108059701492538
bert-base-cased,0.0001,32,3,2,2,0.9887471086187336,0.9735396521487116,0.9810755393706851,1516.2,0.9491045389077806,0.9777925519137836,0.9632099111698796,758.0,0.975023959330028
bert-base-cased,0.0001,32,5,0,0,0.9254405884249574,0.9804930245128108,0.952043163388223,1516.2,0.4554510352235267,0.2453241779352035,0.3184546538796147,158.8,0.9105671641791044
bert-base-cased,0.0001,32,5,1,2,0.8466770967708186,0.8732970375713898,0.8596148944947547,317.6,0.7301179682308563,0.6827916040287578,0.7050644501948218,158.8,0.8102469918785123
bert-base-cased,0.0001,32,5,2,2,0.9241500147325248,0.981117023940268,0.94671756324203,1516.2,0.763605535846213,0.7747206963528759,0.768961715688672,758.0,0.916034677723332
bert-base-cased,0.0001,64,1,0,0,0.9283781856714344,0.9752322245355398,0.950729206229284,1516.2,0.6543801368576687,0.2788213865426104,0.3334288605924062,158.8,0.9087761194029852
bert-base-cased,0.0001,64,1,1,2,0.7677407203871528,0.8866048343962708,0.8150943570786853,317.6,0.5400257898130238,0.4234741256526238,0.4515143308986172,158.8,0.7321838169229956
bert-base-cased,0.0001,64,1,2,2,0.9297425615725792,0.9364247548527868,0.9330328449467236,1516.2,0.8717521623731892,0.8589841694081605,0.8651628860505752,758.0,0.9105603525761836
bert-base-cased,0.0001,64,3,0,0,0.9399843572941888,0.9705899299093655,0.9550290092088788,1516.2,0.5912315022142608,0.4085262740265183,0.4821492526939144,158.8,0.9172537313432836
bert-base-cased,0.0001,64,3,1,2,0.8502264102760859,0.8636591894936962,0.85628055362222,317.6,0.7185904594721494,0.6931131888622157,0.7036443362244011,158.8,0.8068900516181314
bert-base-cased,0.0001,64,3,2,2,0.9906859705245924,0.9758825476006064,0.9832243257733666,1516.2,0.9529728035136747,0.9812910793910958,0.9669114931648786,758.0,0.9777510897194274
bert-base-cased,0.0001,64,5,0,0,0.9334614602645144,0.97705075470494,0.954753092958873,1516.2,0.6051580816187558,0.3355130813982468,0.4313757434784578,158.8,0.916179104477612
bert-base-cased,0.0001,64,5,1,2,0.8524947896764641,0.8883294463664793,0.8699219945281872,317.6,0.7567580833657965,0.6912204557489482,0.7219918706780983,158.8,0.8232554657082958
bert-base-cased,0.0001,64,5,2,2,0.9927648131627108,0.9729479667519094,0.9827453107782328,1516.2,0.9480394289809392,0.9856336198807036,0.9664367127234452,758.0,0.9772231919355928
bert-base-cased,0.0005,16,1,0,0,0.9051940298507464,1.0,0.9502343453732028,1516.2,0.0,0.0,0.0,158.8,0.9051940298507464
bert-base-cased,0.0005,16,1,1,2,0.6666745943660483,1.0,0.7998165380396636,317.6,0.0,0.0,0.0,158.8,0.6666745943660483
bert-base-cased,0.0005,16,1,2,2,0.6666943083301922,1.0,0.7999719279620262,1516.2,0.0,0.0,0.0,758.0,0.6666943083301922
bert-base-cased,0.0005,16,3,0,0,0.9051940298507464,1.0,0.9502343453732028,1516.2,0.0,0.0,0.0,158.8,0.9051940298507464
bert-base-cased,0.0005,16,3,1,2,0.6666745943660483,1.0,0.7998165380396636,317.6,0.0,0.0,0.0,158.8,0.6666745943660483
bert-base-cased,0.0005,16,3,2,2,0.6666943083301922,1.0,0.7999719279620262,1516.2,0.0,0.0,0.0,758.0,0.6666943083301922
bert-base-cased,0.0005,16,5,0,0,0.9051940298507464,1.0,0.9502343453732028,1516.2,0.0,0.0,0.0,158.8,0.9051940298507464
bert-base-cased,0.0005,16,5,1,2,0.6666745943660483,1.0,0.7998165380396636,317.6,0.0,0.0,0.0,158.8,0.6666745943660483
bert-base-cased,0.0005,16,5,2,2,0.6666943083301922,1.0,0.7999719279620262,1516.2,0.0,0.0,0.0,758.0,0.6666943083301922
bert-base-cased,0.0005,32,1,0,0,0.9051940298507464,1.0,0.9502343453732028,1516.2,0.0,0.0,0.0,158.8,0.9051940298507464
bert-base-cased,0.0005,32,1,1,2,0.6666745943660483,1.0,0.7998165380396636,317.6,0.0,0.0,0.0,158.8,0.6666745943660483
bert-base-cased,0.0005,32,1,2,2,0.6666943083301922,1.0,0.7999719279620262,1516.2,0.0,0.0,0.0,758.0,0.6666943083301922
bert-base-cased,0.0005,32,3,0,0,0.9051940298507464,1.0,0.9502343453732028,1516.2,0.0,0.0,0.0,158.8,0.9051940298507464
bert-base-cased,0.0005,32,3,1,2,0.6666745943660483,1.0,0.7998165380396636,317.6,0.0,0.0,0.0,158.8,0.6666745943660483
microsoft/deberta-base,0.0001,16,1,1,2,0.8115553014542162,0.8428182522533977,0.814124247039134,317.6,0.5464063232591477,0.5423853222875399,0.5237589941227146,158.8,0.7498026883709459
microsoft/deberta-base,0.0001,16,1,2,2,0.8213771906051882,0.9125809440138314,0.8589691195210012,1516.2,0.6083537456810271,0.5637428654537519,0.581182154357404,758.0,0.7951794871794872
microsoft/deberta-base,0.0001,16,3,1,2,0.7827976432756791,0.8423770824841095,0.7953391406285686,317.6,0.3669561811384708,0.4437156031533541,0.3956836978751394,158.8,0.7166420027130349
microsoft/deberta-base,0.0001,16,3,2,2,0.6985502414810926,0.984102564102564,0.8137771617330092,1516.2,0.3555555555555555,0.1291216373506653,0.1512425725622897,758.0,0.6964976272627987
microsoft/deberta-base,0.0001,16,5,1,2,0.6963104021380198,0.9816850092025692,0.8118174713566615,317.6,0.1540983606557377,0.1167701863354037,0.1328621908127208,158.8,0.6939273822736641
microsoft/deberta-base,0.0001,16,5,2,2,0.709797627460687,0.9607514419852448,0.8114089589050619,1516.2,0.2623271880635172,0.1691348124387418,0.1854379065501533,758.0,0.6990601834401307
microsoft/deberta-base,0.0001,32,1,1,2,0.821038859591406,0.8561482709182053,0.8351939822827534,317.6,0.6964953414585958,0.6227862151397393,0.6465079159605518,158.8,0.7762327572538449
microsoft/deberta-base,0.0001,32,1,2,2,0.9002289566140419,0.9476307683301936,0.9179729272312392,1516.2,0.7016449668058149,0.7293423139171746,0.715167318480824,758.0,0.8785676592536751
microsoft/deberta-base,0.0001,32,3,1,2,0.8355568507249039,0.8618904348973622,0.839941870014445,317.6,0.5524242510222127,0.6160028289573685,0.5810987557915561,158.8,0.7778799570142523
microsoft/deberta-base,0.0001,32,3,2,2,0.755924377993695,0.9707619071670288,0.8420715056425754,1516.2,0.3310897435897436,0.3130330654698164,0.3208575424575425,758.0,0.7473209042496641
microsoft/deberta-base,0.0001,32,5,1,2,0.7699548001280418,0.9302977115847656,0.8358645894815708,317.6,0.4414034020588074,0.3981711016728785,0.4182208103009147,158.8,0.7510631925726265
microsoft/deberta-base,0.0001,32,5,2,2,0.864134077632734,0.9291685819612004,0.8894763295705254,1516.2,0.6652335704407553,0.6614117561883727,0.6612017461988554,758.0,0.8402867387669499
microsoft/deberta-base,0.0001,64,1,1,2,0.7223680125126569,0.953021470801784,0.816436410063706,317.6,0.2950796559988721,0.2192771084337349,0.2433247692454086,158.8,0.7124209432200553
microsoft/deberta-base,0.0001,64,1,2,2,0.8670702530528509,0.9498994187068788,0.9022032384526676,1516.2,0.6953110177017321,0.6555883327207126,0.673537361856799,758.0,0.8554366126397788
microsoft/deberta-base,0.0001,64,3,1,2,0.8670530375708438,0.8438379152245863,0.8545869903462178,317.6,0.7038424265792688,0.7393986968124621,0.7187346721340776,158.8,0.8085583919102233
microsoft/deberta-base,0.0001,64,3,2,2,0.956147471683218,0.9344884029687568,0.9451533063839072,1516.2,0.8758141004862756,0.9152331791367332,0.8949568595355357,758.0,0.9279751031729924
microsoft/deberta-base,0.0001,64,5,1,2,0.8030602368770661,0.8790699310564035,0.8331201330215761,317.6,0.5559440905773404,0.5377229675429669,0.5430142740007531,158.8,0.7632665644874301
microsoft/deberta-base,0.0001,64,5,2,2,0.9862674546600316,0.9688366149864894,0.9774638425755168,1516.2,0.9398345907286008,0.9725618271983236,0.9558878497455984,758.0,0.9701872867677616
microsoft/deberta-base,0.0005,16,1,1,2,0.6666745943660483,1.0,0.7998165380396636,317.6,0.0,0.0,0.0,158.8,0.6666745943660483
microsoft/deberta-base,0.0005,16,1,2,2,0.6666943083301922,1.0,0.7999719279620262,1516.2,0.0,0.0,0.0,758.0,0.6666943083301922
microsoft/deberta-base,0.0005,16,3,1,2,0.6666745943660483,1.0,0.7998165380396636,317.6,0.0,0.0,0.0,158.8,0.6666745943660483
microsoft/deberta-base,0.0005,16,3,2,2,0.6666943083301922,1.0,0.7999719279620262,1516.2,0.0,0.0,0.0,758.0,0.6666943083301922
microsoft/deberta-base,0.0005,16,5,1,2,0.6666745943660483,1.0,0.7998165380396636,317.6,0.0,0.0,0.0,158.8,0.6666745943660483
microsoft/deberta-base,0.0005,16,5,2,2,0.6666943083301922,1.0,0.7999719279620262,1516.2,0.0,0.0,0.0,758.0,0.6666943083301922
microsoft/deberta-base,0.0005,32,1,1,2,0.6666745943660483,1.0,0.7998165380396636,317.6,0.0,0.0,0.0,158.8,0.6666745943660483
microsoft/deberta-base,0.0005,32,1,2,2,0.6666943083301922,1.0,0.7999719279620262,1516.2,0.0,0.0,0.0,758.0,0.6666943083301922
microsoft/deberta-base,0.0005,32,3,1,2,0.6666745943660483,1.0,0.7998165380396636,317.6,0.0,0.0,0.0,158.8,0.6666745943660483
microsoft/deberta-base,0.0005,32,3,2,2,0.6666943083301922,1.0,0.7999719279620262,1516.2,0.0,0.0,0.0,758.0,0.6666943083301922
microsoft/deberta-base,0.0005,32,5,1,2,0.6666745943660483,1.0,0.7998165380396636,317.6,0.0,0.0,0.0,158.8,0.6666745943660483
roberta-base,0.0001,16,1,0,0,0.9107477507434184,0.9933070866141732,0.9500463625574904,1516.2,0.1019230769230769,0.0701986754966887,0.0831372549019607,158.8,0.9054328358208956
roberta-base,0.0001,16,1,1,2,0.783440816547652,0.8920921083421909,0.8269596913988723,317.6,0.5551323002145622,0.4623828707743974,0.4875884853645669,158.8,0.748910381762768
roberta-base,0.0001,16,1,2,2,0.7160299216797121,0.9640490142803292,0.8174322561248021,1516.2,0.2933042052522144,0.195704016744344,0.2246299446386045,758.0,0.7093504209071492
roberta-base,0.0001,16,3,0,0,0.9051940298507464,1.0,0.9502343453732028,1516.2,0.0,0.0,0.0,158.8,0.9051940298507464
roberta-base,0.0001,16,3,1,2,0.8270588798375342,0.873010880513867,0.8428273639152056,317.6,0.5581812615285988,0.5910165575705433,0.5736999183934097,158.8,0.7792179764987756
roberta-base,0.0001,16,3,2,2,0.7065117157662879,0.9826657912015758,0.8176344669905807,1516.2,0.1607726597325408,0.1440745672436751,0.1519662921348314,758.0,0.7026661640909662
roberta-base,0.0001,16,5,0,0,0.9051940298507464,1.0,0.9502343453732028,1516.2,0.0,0.0,0.0,158.8,0.9051940298507464
roberta-base,0.0001,16,5,1,2,0.7595378530361042,0.8777414365598399,0.8065711675994207,317.6,0.3750561895628349,0.386537454164484,0.3805626696613454,158.8,0.7199549001990734
roberta-base,0.0001,16,5,2,2,0.6666943083301922,1.0,0.7999719279620262,1516.2,0.0,0.0,0.0,758.0,0.6666943083301922
roberta-base,0.0001,32,1,0,0,0.9079998167541664,0.99750656167979,0.950604069221452,1516.2,0.1173913043478261,0.0357615894039735,0.0548223350253807,158.8,0.9061492537313433
roberta-base,0.0001,32,1,1,2,0.8178962934715734,0.8676262673675241,0.8396324831198358,317.6,0.6943224823391981,0.5954083040534572,0.6312793247062689,158.8,0.7787387911139299
roberta-base,0.0001,32,1,2,2,0.7757419538427707,0.9703114688128772,0.8537380739406313,1516.2,0.3433713007749519,0.3464076747156138,0.344706137497289,758.0,0.7657268501067972
roberta-base,0.0001,32,3,0,0,0.9129610961585516,0.989933774834437,0.9495904705377536,1516.2,0.0986666666666666,0.0896969696969696,0.0939682539682539,158.8,0.9049552238805972
roberta-base,0.0001,32,3,2,2,0.9059809260667469,0.9547451511290916,0.9244043010679546,1516.2,0.7147063425309507,0.7400796157851929,0.7270689890790833,758.0,0.8869229802739038
roberta-base,0.0001,32,5,0,0,0.9051940298507464,1.0,0.9502343453732028,1516.2,0.0,0.0,0.0,158.8,0.9051940298507464
roberta-base,0.0001,32,5,1,2,0.8213075402828431,0.8938809923015253,0.8518115685737626,317.6,0.5920160424367481,0.5634815313704784,0.5745939635576925,158.8,0.7904990927188486
roberta-base,0.0001,32,5,2,2,0.8820922322390343,0.9431790838431736,0.9066755273885632,1516.2,0.8896191680709185,0.6918400700124916,0.6907545642424626,758.0,0.8630003382721061
roberta-base,0.0001,64,1,0,0,0.9109638186160004,0.9943489651731156,0.9507521601279856,1516.2,0.3729411764705882,0.0729529813129345,0.1123293075031747,158.8,0.9067462686567164
roberta-base,0.0001,64,1,1,2,0.8374553745424063,0.8485529300875847,0.8406072832022785,317.6,0.6953552160502057,0.6616399095545585,0.6719131789585855,158.8,0.7871447950249282
roberta-base,0.0001,64,1,2,2,0.9332696275553528,0.9340973301759932,0.9336125730978594,1516.2,0.8671858866368046,0.8652499272823476,0.8659640385277175,758.0,0.911267089990045
roberta-base,0.0001,64,3,0,0,0.9405269846655464,0.9671207252460334,0.9536010999847316,1516.2,0.5742735251073161,0.4142914211722144,0.477306656798145,158.8,0.9148656716417912
roberta-base,0.0001,64,3,1,2,0.878164022439981,0.8504552491582202,0.8639927045244219,317.6,0.7172697664211534,0.760867964063731,0.7381793628379573,158.8,0.8215739125839014
roberta-base,0.0001,64,3,2,2,0.972584309306904,0.9507621055622372,0.961445698867949,1516.2,0.9043692705719812,0.9435226541201074,0.9231853944974104,758.0,0.9487332579469784
roberta-base,0.0001,64,5,0,0,0.942072675755536,0.9724570187451572,0.9569697287941464,1516.2,0.6253907293871565,0.4304412214174561,0.5049728045343977,158.8,0.9208358208955224
roberta-base,0.0001,64,5,1,2,0.8100848035516932,0.9100819121365172,0.8525393167727385,317.6,0.5990327822212749,0.5429820986434679,0.5689129347403261,158.8,0.7862850800697636
roberta-base,0.0001,64,5,2,2,0.9909867724258682,0.9687182357073448,0.9797084785858056,1516.2,0.9402944750645008,0.9822462623146332,0.9607560257277504,758.0,0.97326552427344
microsoft/deberta-base,0.0001,16,1,0,0,0.9051940298507464,1.0,0.9502343453732028,1516.2,0.0,0.0,0.0,158.8,0.9051940298507464
microsoft/deberta-base,0.0001,16,3,0,0,0.9051940298507464,1.0,0.9502343453732028,1516.2,0.0,0.0,0.0,158.8,0.9051940298507464
microsoft/deberta-base,0.0001,16,5,0,0,0.9051940298507464,1.0,0.9502343453732028,1516.2,0.0,0.0,0.0,158.8,0.9051940298507464
microsoft/deberta-base,0.0001,32,1,0,0,0.9146413506991444,0.9915645293825996,0.9513586085055956,1516.2,0.4298029556650246,0.112844762833664,0.1447981561055838,158.8,0.908179104477612
microsoft/deberta-base,0.0001,32,3,0,0,0.9165706570439972,0.9899938977667906,0.9516596555444328,1516.2,0.4306009585842448,0.1377024406103207,0.1729978738483345,158.8,0.9088955223880596
microsoft/deberta-base,0.0001,32,5,0,0,0.920390235147137,0.9842744947642916,0.9511123937151617,1516.2,0.3292274432059378,0.1817162410783955,0.2338331164725209,158.8,0.9084179104477612
microsoft/deberta-base,0.0001,64,1,0,0,0.930205148599054,0.9775927815378176,0.9532302649076804,1516.2,0.6047845370065434,0.2999735441290854,0.3905390306470426,158.8,0.9131940298507464
microsoft/deberta-base,0.0001,64,3,0,0,0.9445278334347954,0.9596623967424796,0.9519138781865212,1516.2,0.549767575154848,0.4637046136763278,0.4942928967944794,158.8,0.9122388059701492
microsoft/deberta-base,0.0001,64,5,0,0,0.9348952483379576,0.9705651805813442,0.952295035038144,1516.2,0.5657617900961555,0.3526333011371621,0.4193830080329225,158.8,0.912
bert-base-cased,1e-05,16,1,0,0,0.9182125375102672,0.9903937949052276,0.9528649431023938,1516.2,0.7162001994953939,0.1584122790104016,0.2390207827918316,158.8,0.9112835820895524
bert-base-cased,1e-05,16,1,1,2,0.7403534286931819,0.9042093874270792,0.8089307838287809,317.6,0.3885926576099921,0.3276261244656565,0.3540032099211762,158.8,0.7157902154572522
bert-base-cased,1e-05,16,1,2,2,0.9085447967383544,0.8946887189031557,0.9014049277217928,1516.2,0.7946746417768082,0.8182190302910521,0.805709870926463,758.0,0.8693157431838172
bert-base-cased,1e-05,16,3,0,0,0.9413308779878138,0.9691322613109484,0.9550189450002512,1516.2,0.590107991720167,0.4238333153326706,0.4925393234132607,158.8,0.9173731343283584
bert-base-cased,1e-05,16,3,1,2,0.8376852823162071,0.8469353536403712,0.8421062072533138,317.6,0.6883221978303273,0.6740352017321014,0.6804417129066568,158.8,0.7888272290048095
bert-base-cased,1e-05,16,3,2,2,0.970525201965138,0.9520002122160042,0.9611621363908928,1516.2,0.9083291246489652,0.94281664831366,0.9252150651960068,758.0,0.9489045202818288
bert-base-cased,1e-05,16,5,0,0,0.940132500550138,0.9684992168331292,0.9540614917286966,1516.2,0.5819923436008445,0.4122473726906455,0.4793926639828464,158.8,0.9155820895522389
bert-base-cased,1e-05,16,5,1,2,0.8303514872348428,0.8963828079394052,0.8618803477940542,317.6,0.7526333338749716,0.6341458726223308,0.6874823675289263,158.8,0.8085698430315521
bert-base-cased,1e-05,16,5,2,2,0.9879874168837978,0.9643840615240656,0.9760353988176554,1516.2,0.9319761839177328,0.9764515347289108,0.9536705620937858,758.0,0.9684288903708428
bert-base-cased,1e-05,32,1,0,0,0.9112782043896852,0.9967091776626678,0.9520600817107844,1516.2,0.5594285714285714,0.0741714228610841,0.1293832752462886,158.8,0.909134328358209
bert-base-cased,1e-05,32,1,1,2,0.706501527654767,0.9360869785739117,0.801214821088997,317.6,0.3700645161290322,0.2104404537101857,0.2585589388823289,158.8,0.6897697443757378
bert-base-cased,1e-05,32,1,2,2,0.8797173244976417,0.8923275277046067,0.8858582286394503,1516.2,0.7784627480938011,0.7567719512034067,0.7670159239635146,758.0,0.8468013956140605
bert-base-cased,1e-05,32,3,0,0,0.9368123264844886,0.9736245958897014,0.9548445766570506,1516.2,0.6013146553298416,0.3724973138795506,0.4580067557048757,158.8,0.9166567164179104
bert-base-cased,1e-05,32,3,1,2,0.7937073136613509,0.8536974103875206,0.8216091473445928,317.6,0.6578539330743245,0.554974871159472,0.5980247239549896,158.8,0.7531323221112345
bert-base-cased,1e-05,32,3,2,2,0.9668122521430066,0.9459366747170936,0.9562456812284452,1516.2,0.896234223689319,0.9352399428026368,0.91525804441718,758.0,0.9423094126629744
bert-base-cased,1e-05,32,5,0,0,0.9405586048037128,0.9701991737366298,0.9551303825135335,1516.2,0.594966391073469,0.4153493749002326,0.4877207536515013,158.8,0.9174925373134328
bert-base-cased,1e-05,32,5,1,2,0.8257069062005071,0.8812070131807948,0.8524570267052727,317.6,0.7248121174843571,0.6279003371508519,0.6725816025289466,158.8,0.7968157074150415
bert-base-cased,0.0002,16,1,0,0,0.9051940298507464,1.0,0.9502343453732028,1516.2,0.0,0.0,0.0,158.8,0.9051940298507464
bert-base-cased,0.0002,16,1,1,2,0.705136931165766,0.9639240506329112,0.8077885548996278,317.6,0.1344827586206896,0.1453416149068323,0.1397014925373134,158.8,0.6918318270704508
bert-base-cased,0.0002,16,1,2,2,0.7215833242127985,0.9614069029561988,0.8179760600723155,1516.2,0.2899277356051314,0.2155375148478596,0.233745679439219,758.0,0.710040264045541
bert-base-cased,0.0002,16,3,0,0,0.9051940298507464,1.0,0.9502343453732028,1516.2,0.0,0.0,0.0,158.8,0.9051940298507464
bert-base-cased,0.0002,16,3,1,2,0.7288398033856804,0.9095492792559003,0.8033149386178445,317.6,0.3812726542924562,0.2857460668531036,0.3171721244398259,158.8,0.7044580096189419
bert-base-cased,0.0002,64,1,2,2,0.9153691372087293,0.9267333235814064,0.9207952587333011,1516.2,0.8497840271555616,0.8278155817658238,0.8378077314648357,758.0,0.8935920824997343
bert-base-cased,0.0002,64,3,2,2,0.9032911026282534,0.946906522468998,0.918343593473321,1516.2,0.9015587661918808,0.7405177444601028,0.7214440628263672,758.0,0.8789861501734852
bert-base-cased,0.0002,64,5,2,2,0.7865528940439317,0.9757505799956228,0.8612181563945347,1516.2,0.3541147132169576,0.3721559883978984,0.362890720759885,758.0,0.7754014323407463
bert-base-cased,5e-05,64,1,2,2,0.9355315229250325,0.9388946767477234,0.9371748424345233,1516.2,0.878078342709772,0.8706637406118247,0.8742297413473548,758.0,0.9162772671479796
bert-base-cased,5e-05,64,3,2,2,0.9878251211170861,0.9622994252692703,0.9748796616744577,1516.2,0.9282928919385803,0.9761024299931425,0.9515461310876953,758.0,0.966934346216668
bert-base-cased,5e-05,64,5,2,2,0.9923466039147169,0.9724211978330743,0.9822697296939955,1516.2,0.9470872324274768,0.9848547838118682,0.9655618934802455,758.0,0.976607614021862
